0.000000	1.000000	1.000000	0.000000
1.000000	0.997419	0.999848	0.002429
2.000000	0.994826	0.999391	0.004565
3.000000	0.992207	0.998630	0.006422
4.000000	0.989551	0.997564	0.008013
5.000000	0.986844	0.996195	0.009351
6.000000	0.984075	0.994522	0.010447
7.000000	0.981229	0.992546	0.011317
8.000000	0.978296	0.990268	0.011972
9.000000	0.975263	0.987688	0.012426
10.000000	0.972116	0.984808	0.012692
11.000000	0.968843	0.981627	0.012784
12.000000	0.965432	0.978148	0.012716
13.000000	0.961870	0.974370	0.012500
14.000000	0.958144	0.970296	0.012152
15.000000	0.954242	0.965926	0.011684
16.000000	0.950152	0.961262	0.011110
17.000000	0.945860	0.956305	0.010445
18.000000	0.941354	0.951057	0.009702
19.000000	0.936622	0.945519	0.008897
20.000000	0.931651	0.939693	0.008042
21.000000	0.926428	0.933580	0.007152
22.000000	0.920941	0.927184	0.006243
23.000000	0.915178	0.920505	0.005327
24.000000	0.909124	0.913545	0.004421
25.000000	0.902770	0.906308	0.003538
26.000000	0.896100	0.898794	0.002694
27.000000	0.889103	0.891007	0.001903
28.000000	0.881767	0.882948	0.001180
29.000000	0.874079	0.874620	0.000541
30.000000	0.866025	0.866025	0.000000
31.000000	0.857599	0.857167	0.000432
32.000000	0.848808	0.848048	0.000760
33.000000	0.839664	0.838671	0.000994
34.000000	0.830182	0.829038	0.001144
35.000000	0.820373	0.819152	0.001220
36.000000	0.810249	0.809017	0.001232
37.000000	0.799825	0.798635	0.001189
38.000000	0.789112	0.788011	0.001101
39.000000	0.778123	0.777146	0.000977
40.000000	0.766871	0.766044	0.000826
41.000000	0.755368	0.754710	0.000659
42.000000	0.743628	0.743145	0.000483
43.000000	0.731662	0.731354	0.000309
44.000000	0.719484	0.719340	0.000145
45.000000	0.707107	0.707107	0.000000
46.000000	0.694540	0.694658	0.000118
47.000000	0.681789	0.681998	0.000210
48.000000	0.668854	0.669131	0.000277
49.000000	0.655737	0.656059	0.000322
50.000000	0.642441	0.642788	0.000347
51.000000	0.628967	0.629320	0.000354
52.000000	0.615317	0.615662	0.000345
53.000000	0.601492	0.601815	0.000323
54.000000	0.587496	0.587785	0.000290
55.000000	0.573329	0.573576	0.000248
56.000000	0.558993	0.559193	0.000200
57.000000	0.544490	0.544639	0.000149
58.000000	0.529823	0.529919	0.000097
59.000000	0.514992	0.515038	0.000046
60.000000	0.500000	0.500000	0.000000
61.000000	0.484849	0.484810	0.000040
62.000000	0.469544	0.469472	0.000073
63.000000	0.454090	0.453990	0.000100
64.000000	0.438493	0.438371	0.000122
65.000000	0.422757	0.422618	0.000139
66.000000	0.406889	0.406737	0.000152
67.000000	0.390893	0.390731	0.000162
68.000000	0.374775	0.374607	0.000168
69.000000	0.358539	0.358368	0.000171
70.000000	0.342192	0.342020	0.000172
71.000000	0.325739	0.325568	0.000171
72.000000	0.309185	0.309017	0.000168
73.000000	0.292535	0.292372	0.000164
74.000000	0.275795	0.275637	0.000158
75.000000	0.258970	0.258819	0.000151
76.000000	0.242065	0.241922	0.000143
77.000000	0.225085	0.224951	0.000134
78.000000	0.208037	0.207912	0.000125
79.000000	0.190925	0.190809	0.000116
80.000000	0.173754	0.173648	0.000106
81.000000	0.156530	0.156434	0.000096
82.000000	0.139258	0.139173	0.000085
83.000000	0.121944	0.121869	0.000075
84.000000	0.104593	0.104528	0.000064
85.000000	0.087209	0.087156	0.000053
86.000000	0.069799	0.069756	0.000043
87.000000	0.052368	0.052336	0.000032
88.000000	0.034921	0.034899	0.000021
89.000000	0.017463	0.017452	0.000011
90.000000	0.000000	0.000000	0.000000
91.000000	-0.017463	-0.017452	0.000011
92.000000	-0.034921	-0.034899	0.000021
93.000000	-0.052368	-0.052336	0.000032
94.000000	-0.069799	-0.069756	0.000043
95.000000	-0.087209	-0.087156	0.000053
96.000000	-0.104593	-0.104528	0.000064
97.000000	-0.121944	-0.121869	0.000075
98.000000	-0.139258	-0.139173	0.000085
99.000000	-0.156530	-0.156434	0.000096
100.000000	-0.173754	-0.173648	0.000106
101.000000	-0.190925	-0.190809	0.000116
102.000000	-0.208037	-0.207912	0.000125
103.000000	-0.225085	-0.224951	0.000134
104.000000	-0.242065	-0.241922	0.000143
105.000000	-0.258970	-0.258819	0.000151
106.000000	-0.275795	-0.275637	0.000158
107.000000	-0.292535	-0.292372	0.000164
108.000000	-0.309185	-0.309017	0.000168
109.000000	-0.325739	-0.325568	0.000171
110.000000	-0.342192	-0.342020	0.000172
111.000000	-0.358539	-0.358368	0.000171
112.000000	-0.374775	-0.374607	0.000168
113.000000	-0.390893	-0.390731	0.000162
114.000000	-0.406889	-0.406737	0.000152
115.000000	-0.422757	-0.422618	0.000139
116.000000	-0.438493	-0.438371	0.000122
117.000000	-0.454090	-0.453990	0.000100
118.000000	-0.469544	-0.469472	0.000073
119.000000	-0.484849	-0.484810	0.000040
120.000000	-0.500000	-0.500000	0.000000
121.000000	-0.514992	-0.515038	0.000046
122.000000	-0.529823	-0.529919	0.000097
123.000000	-0.544490	-0.544639	0.000149
124.000000	-0.558993	-0.559193	0.000200
125.000000	-0.573329	-0.573576	0.000248
126.000000	-0.587496	-0.587785	0.000290
127.000000	-0.601492	-0.601815	0.000323
128.000000	-0.615317	-0.615662	0.000345
129.000000	-0.628967	-0.629320	0.000354
130.000000	-0.642441	-0.642788	0.000347
131.000000	-0.655737	-0.656059	0.000322
132.000000	-0.668854	-0.669131	0.000277
133.000000	-0.681789	-0.681998	0.000210
134.000000	-0.694540	-0.694658	0.000118
135.000000	-0.707107	-0.707107	0.000000
136.000000	-0.719484	-0.719340	0.000145
137.000000	-0.731662	-0.731354	0.000309
138.000000	-0.743628	-0.743145	0.000483
139.000000	-0.755368	-0.754710	0.000659
140.000000	-0.766871	-0.766044	0.000826
141.000000	-0.778123	-0.777146	0.000977
142.000000	-0.789112	-0.788011	0.001101
143.000000	-0.799825	-0.798635	0.001189
144.000000	-0.810249	-0.809017	0.001232
145.000000	-0.820373	-0.819152	0.001220
146.000000	-0.830182	-0.829038	0.001144
147.000000	-0.839664	-0.838671	0.000994
148.000000	-0.848808	-0.848048	0.000760
149.000000	-0.857599	-0.857167	0.000432
150.000000	-0.866025	-0.866025	0.000000
151.000000	-0.874079	-0.874620	0.000541
152.000000	-0.881767	-0.882948	0.001180
153.000000	-0.889103	-0.891007	0.001903
154.000000	-0.896100	-0.898794	0.002694
155.000000	-0.902770	-0.906308	0.003538
156.000000	-0.909124	-0.913545	0.004421
157.000000	-0.915178	-0.920505	0.005327
158.000000	-0.920941	-0.927184	0.006243
159.000000	-0.926428	-0.933580	0.007152
160.000000	-0.931651	-0.939693	0.008042
161.000000	-0.936622	-0.945519	0.008897
162.000000	-0.941354	-0.951057	0.009702
163.000000	-0.945860	-0.956305	0.010445
164.000000	-0.950152	-0.961262	0.011110
165.000000	-0.954242	-0.965926	0.011684
166.000000	-0.958144	-0.970296	0.012152
167.000000	-0.961870	-0.974370	0.012500
168.000000	-0.965432	-0.978148	0.012716
169.000000	-0.968843	-0.981627	0.012784
170.000000	-0.972116	-0.984808	0.012692
171.000000	-0.975263	-0.987688	0.012426
172.000000	-0.978296	-0.990268	0.011972
173.000000	-0.981229	-0.992546	0.011317
174.000000	-0.984075	-0.994522	0.010447
175.000000	-0.986844	-0.996195	0.009351
176.000000	-0.989551	-0.997564	0.008013
177.000000	-0.992207	-0.998630	0.006422
178.000000	-0.994826	-0.999391	0.004565
179.000000	-0.997419	-0.999848	0.002429
