
 Gaussian Distribution 	 	 Uniform Distribution 

 -3.368195	 0.001372 	 	 0.001251 	 1

 0.654050	 0.322121 	 	 0.193304 	 1

 -1.027228	 0.235384 	 	 0.585009 	 1

 1.149840	 0.205974 	 	 0.350291 	 1

 -0.013321	 0.398907 	 	 0.822840 	 1

 1.182266	 0.198332 	 	 0.174108 	 1

 -0.823794	 0.284149 	 	 0.710501 	 1

 1.536373	 0.122559 	 	 0.303995 	 1

 -1.440931	 0.141270 	 	 0.091403 	 1

 0.986738	 0.245180 	 	 0.147313 	 1

 -0.143170	 0.394874 	 	 0.988525 	 1

 2.062087	 0.047594 	 	 0.119083 	 1

 -2.211614	 0.034577 	 	 0.008911 	 1

 -1.013482	 0.238709 	 	 0.531663 	 1

 -0.787886	 0.292491 	 	 0.601764 	 1

 -0.984278	 0.245775 	 	 0.166234 	 1

 -0.755541	 0.299884 	 	 0.450789 	 1

 -1.866092	 0.069942 	 	 0.057039 	 1

 0.226821	 0.388811 	 	 0.783319 	 1

 -0.366759	 0.372993 	 	 0.519883 	 1

 Exponential Distribution 

 0.875973 	 0.416457 

 0.726676 	 0.483513 

 0.955901 	 0.384466 

 0.925718 	 0.396247 

 0.539354 	 0.583125 

 0.142338 	 0.867328 

 0.462081 	 0.629971 

 0.235328 	 0.790311 

 0.862239 	 0.422215 

 0.209601 	 0.810908 

 0.779656 	 0.458564 

 0.843654 	 0.430136 

 0.996796 	 0.369060 

 0.999695 	 0.367992 

 0.611499 	 0.542537 

 0.392438 	 0.675409 

 0.266213 	 0.766276 

 0.297281 	 0.742835 

 0.840144 	 0.431648 

 0.023743 	 0.976536 
