1.00000000       2.00001526    
1.50000000       2.76307535    
2.00000000       4.51121044    
2.50000000       4.41730022    
3.00000000       5.06553411    
3.50000000       4.93791819    
4.00000000       5.09408903    
4.50000000       6.85772896    
5.00000000       7.35859251    
5.50000000       8.36938572    
6.00000000       7.76700401    
6.50000000       8.53883266    
7.00000000       9.66193008    
7.50000000       8.56914330    
8.00000000       9.10692310    
8.50000000       10.5594006    
9.00000000       11.3422985    
9.50000000       10.5153961    
10.0000000       11.7668304
