7.62939e-06
0.131538
0.45865
0.532767
0.218959
0.678864
0.679296
0.383502
0.830965
0.0345719
0.5297
0.671149
0.00769806
0.0668421
0.417486
0.686773
0.588977
0.846167
0.526929
0.653919
0.415999
0.70119
0.910321
0.762198
0.262453
0.0474644
0.736082
0.328234
0.632638
0.991037
0.247039
0.98255
0.72266
0.753356
0.651518
0.0726857
0.631635
0.884707
0.27271
0.766495
0.237774
0.359265
0.166507
0.486517
0.897656
0.909208
0.0605643
0.904653
0.504523
0.516292
0.986642
0.0907328
0.500707
0.384142
0.277082
0.464446
0.0500839
0.761514
0.770205
0.125365
0.0158675
0.868247
0.629543
0.736224
0.725412
0.999458
0.306322
0.351015
0.513273
0.412081
0.841511
0.269317
0.415395
0.537304
0.467917
0.178328
0.15372
0.571655
0.802406
0.0330536
0.49848
0.748292
0.890737
0.624849
0.159767
0.212751
0.130427
0.0909903
0.00299954
0.414293
0.239911
0.317539
0.886991
0.652059
0.150335
0.681346
0.385815
0.387725
0.587187
0.556146
0.148151
0.983305
0.408767
0.14182
0.564898
0.252126
0.464031
0.961095
0.126031
0.199757
0.31925
0.651254
0.621634
0.247842
0.476432
0.389314
0.20325
0.901673
0.426497
0.947487
0.410313
0.131188
0.0921736
0.162199
0.0710635
0.365339
0.253057
0.135109
0.783153
0.455307
0.349524
0.4523
0.651646
0.215248
0.679592
0.908922
0.505956
0.600394
0.817561
0.755843
0.951367
0.632739
0.43933
0.824697
0.688981
0.702207
0.537426
0.514435
0.414028
0.440038
0.706535
0.0190923
0.463323
0.0651937
0.667679
0.199555
0.215532
0.315732
0.514659
0.439725
0.467532
0.365158
0.211519
0.999116
0.630488
0.000594854
0.000878811
0.773352
0.319177
0.417724
0.682494
0.680562
0.205262
0.83642
0.0945487
0.0817375
0.629572
0.0810606
0.388823
0.947545
0.269215
0.692169
0.284035
0.776866
0.42246
0.193967
0.191824
0.244054
0.136455
0.17688
0.233599
0.101637
0.634717
0.79477
0.696243
0.75294
0.63343
0.598217
0.318778
0.699834
0.117437
0.526123
0.329666
0.143045
0.161688
0.485325
0.813266
0.738997
0.316007
0.528548
0.310739
0.518084
0.430848
0.370226
0.393018
0.475896
0.387831
0.279293
0.369742
0.253922
0.676237
0.513936
0.944753
0.460697
0.32156
0.460434
0.517145
0.661355
0.401833
0.60564
0.150394
0.670098
0.343817
0.54171
0.522808
0.274209
0.546136
0.917848
0.246733
0.817101
0.160749
0.707826
0.753863
0.171179
0.00425386
0.0799167
0.163081
0.436425
0.00634146
0.518478
0.0668497
0.389731
0.215826
0.626861
0.70932
0.538661
0.280289
0.37191
0.686101
0.00934744
0.103797
0.77588
0.220685
0.0552788
0.0706348
0.160274
0.297022
0.477804
0.150311
0.285942
0.695637
0.681164
0.331175
0.0574751
0.542393
0.00165725
0.856193
0.0293553
0.37755
0.489652
0.576173
0.679332
0.0355875
0.122507
0.188276
0.351319
0.614125
0.607611
0.125933
0.552862
0.954028
0.356925
0.838102
0.259014
0.251528
0.424336
0.813048
0.897914
0.694856
0.451851
0.26362
0.665503
0.116571
0.113676
0.0060792
0.175974
0.599359
0.431908
0.0825064
0.687414
0.37531
0.836206
0.123637
0.080353
0.494245
0.769437
0.359658
0.769114
0.499955
0.671903
0.681666
0.75677
0.0363674
0.230572
0.221667
0.652622
0.233691
0.165927
0.0476384
0.124945
0.593545
0.519175
0.771944
0.44279
0.97718
0.467741
0.329056
0.205341
0.171379
0.37252
0.939725
0.964851
0.254957
0.0703351
0.526338
0.160083
0.517707
0.105185
0.841576
0.368562
0.327227
0.713547
0.576776
0.871884
0.758246
0.836598
0.699791
0.38906
0.605603
0.362083
0.539505
0.455072
0.401692
0.24044
0.289766
0.104969
0.216386
0.527439
0.66882
0.24375
0.711564
0.263663
0.382821
0.0810053
0.459763
0.232867
0.491343
0.00322866
0.425191
0.134039
0.171155
0.606001
0.0638034
0.347492
0.825836
0.329434
0.631763
0.0453405
0.0414202
0.153315
0.0617313
0.519303
0.92915
0.220515
0.204563
0.0889926
0.706461
0.494631
0.261778
0.711571
0.200644
0.232608
0.469498
0.861187
0.444519
0.0342429
0.523772
0.753174
0.822891
0.232078
0.536528
0.430618
0.403581
0.96691
0.85053
0.311605
0.14839
0.997598
0.639523
0.468075
0.931915
0.815407
0.541534
0.159216
0.94525
0.821334
0.155414
0.0410748
0.343613
0.110019
0.0965381
0.518773
0.0224049
0.561484
0.856876
0.674525
0.191984
0.345872
0.14071
0.221656
0.380115
0.167313
0.0263395
0.762344
0.713695
0.0773242
0.589809
0.925503
0.50597
0.831256
0.919236
0.601638
0.519336
0.490817
0.161419
0.976115
0.57436
0.531427
0.667049
0.0974324
0.667965
0.571583
0.588888
0.441313
0.151217
0.502275
0.731364
0.0316565
0.0516167
0.522063
0.320642
0.0350595
0.245142
0.382968
0.551829
0.597168
0.77203
0.650128
0.696996
0.479783
0.534199
0.276647
0.280104
0.703369
0.530489
0.938254
0.235403
0.597476
0.920252
0.681491
0.821177
0.23027
0.143684
0.899521
0.251422
0.651515
0.00481558
0.935936
0.275353
0.278929
0.952431
0.12295
0.436491
0.107739
0.344576
0.297064
0.33851
0.330758
0.485286
0.202482
0.491841
0.367395
0.804912
0.162204
0.15958
0.0577228
0.149251
0.380608
0.883704
0.424133
0.412248
0.651294
0.0601423
0.814416
0.897657
0.901218
0.770046
0.572442
0.0314035
0.803268
0.522214
0.861622
0.389172
0.939871
0.338085
0.743126
0.718919
0.0728688
0.710114
0.359379
0.089853
0.161029
0.416796
0.0964284
0.674693
0.878192
0.76936
0.635205
0.896524
0.486471
0.382619
0.121739
0.0768216
0.477641
0.708588
0.390966
0.975881
0.628767
0.681199
0.90869
0.0735109
0.498631
0.483873
0.450735
0.499657
0.932843
0.300122
0.146195
0.110018
0.080322
0.408177
0.23841
0.96316
0.833474
0.19808
0.129481
0.196307
0.339119
0.575679
0.432877
0.368202
0.382317
0.600132
0.429473
0.148787
0.670197
0.698066
0.40274
0.849278
0.374249
0.00960779
0.646495
0.644898
0.799035
0.357672
0.3895
0.334307
0.144897
0.291525
0.666856
0.854365
0.00558805
0.920829
0.516531
0.344455
0.264133
0.833648
0.124391
0.0486972
0.458046
0.376817
0.155873
0.755856
0.0115304
0.560914
0.288654
0.51459
0.842044
0.231895
0.465007
0.373359
0.0500429
0.202449
0.566183
0.422552
0.293043
0.181196
0.357526
0.93411
0.589419
0.463059
0.944452
0.0504816
0.595927
0.864172
0.131023
0.104579
0.658593
0.982032
0.0189159
0.523072
0.590458
0.837082
0.659888
0.349529
0.323429
0.869188
0.44237
0.276667
0.951753
0.117238
0.332928
0.526182
0.535956
0.818107
